01122020 0136 30.10
02122020 0125 29.20
02122020 2345 25.30
04122020 0000 22.30
14122020 2331 21.35
16122020 0010 22.90
17122020 0059 26.25
17122020 2304 20.57
03112020 0058 25.40
03112020 2350 25.20
04112020 2310 21.00
07112020 0141 25.50
17112020 0002 24.20
18112020 0008 23.90
18112020 2319 30.15
19112020 2226 21.10
05102020 2328 20.90
06102020 2333 25.70
08102020 0124 23.80
10102020 0207 29.50
20102020 0033 23.80
21102020 0032 28.50
21102020 2336 21.10
23102020 2351 28.40
09092020 0205 27.50
10092020 0201 32.10
10092020 2338 25.80
12092020 0013 23.65
22092020 0138 30.20
22092020 2358 24.50
26092020 0048 28.70
12082020 0312 30.60
14082020 0205 24.40
15082020 0034 34.50
25082020 0131 32.90
26082020 0213 24.50
27082020 0057 20.90
28082020 0200 25.20
